image: ./amclResult-bag1.pgm
resolution: 0.050000
origin: [-9.600000, -9.600000, 1.570796]
negate: 0
occupied_thresh: 0.65
free_thresh: 0.196

